1	0.195832
2	0.272241
3	0.184475
4	0.186373
5	0.194371
6	0.257228
7	0.160407
8	0.16251
9	0.166927
10	0.177586
11	0.182353
12	0.169245
13	0.160134
14	0.154667
15	0.153745
16	0.185774
17	0.218868
18	0.369781
19	0.189708
20	0.206009
21	0.169834
22	0.231005
23	0.199531
24	0.180889
25	0.157235
26	0.207017
27	0.242951
28	0.19894
29	0.235918
30	0.183374
31	0.232006
32	0.248247
33	0.213606
34	0.235702
35	0.272166
36	0.273861
37	0.368295
38	0.235918
39	0.208037
40	0.19723
41	0.217418
42	0.177972
43	0.23941
44	0.227807
45	0.24784
46	0.321973
47	0.207068
48	0.194752
49	0.225656
50	0.220847
51	0.238249
52	0.218943
53	0.230142
54	0.244848
55	0.201663
56	0.190927
57	0.233257
58	0.208685
59	0.276301
60	0.304504
61	0.24835
62	0.235807
63	0.239426
64	0.215457
65	0.221143
66	0.246983
67	0.211708
68	0.225714
69	0.217623
70	0.18005
71	0.239204
72	0.208493
73	0.189972
74	0.25
75	0.408248
76	0.211927
77	0.271917
78	0.222237
79	0.247146
80	0.226769
81	0.185231
82	0.253814
83	0.195895
84	0.222483
85	0.162807
86	0.225282
87	0.197197
88	0.262315
89	0.207501
90	0.198945
91	0.197097
92	0.207376
93	0.196122
94	0.201916
95	0.21718
96	0.268951
97	0.229845
98	0.185223
99	0.257621
100	0.166667
101	0.221649
102	0.256463
103	0.25
104	0.408248
105	0.214118
106	0.152924
107	0.178873
108	0.154881
109	0.155917
110	0.277619
111	0.170498
112	0.244173
113	0.267261
114	0.170868
115	0.158114
116	0.219821
117	0.254928
118	0.254928
119	0.333333
120	0.174804
121	0.263699
122	0.181173
123	0.16033
124	0.17907
125	0.183393
126	0.180175
127	0.175854
128	0.183063
129	0.175941
130	0.185543
131	0.184893
132	0.235106
133	0.192408
134	0.184541
135	0.168737
136	0.207107
137	0.183527
138	0.236208
139	0.20655
140	0.268681
141	0.19488
142	0.260472
143	0.209034
144	0.230844
145	0.202348
146	0.204124
147	0.181528
148	0.177512
149	0.308697
150	0.157313
151	0.162296
152	0.190982
153	0.182964
154	0.165802
155	0.26834
156	0.155537
157	0.189421
158	0.1819
159	0.204075
160	0.179854
161	0.271917
162	0.190595
163	0.182808
164	0.235994
165	0.189909
166	0.187209
167	0.209559
168	0.189404
169	0.172116
170	0.241606
171	0.179715
172	0.209993
173	0.189397
174	0.296449
175	0.187504
176	0.197467
177	0.211911
178	0.175929
179	0.217862
180	0.207241
181	0.220423
182	0.261331
183	0.215079
184	0.197723
185	0.228101
186	0.209956
187	0.202721
188	0.188302
189	0.18181
190	0.169043
191	0.187991
192	0.189274
193	0.185854
194	0.215919
195	0.216758
196	0.230669
197	0.20017
198	0.188066
199	0.227839
200	0.179642
201	0.202651
202	0.200178
203	0.202511
204	0.286599
205	0.179473
206	0.181413
207	0.220834
208	0.182738
209	0.184022
210	0.233324
211	0.234195
212	0.234056
213	0.191172
214	0.168209
215	0.258733
216	0.203586
217	0.207005
218	0.230859
219	0.226167
220	0.182511
221	0.178037
222	0.247146
223	0.164617
224	0.232907
225	0.182599
226	0.254284
227	0.266062
228	0.266062
229	0.343037
230	0.266145
231	0.218579
232	0.266353
233	0.284409
234	0.206102
235	0.167038
236	0.213392
237	0.173718
238	0.188023
239	0.234003
240	0.205534
241	0.189108
242	0.166495
243	0.185949
244	0.158114
245	0.166431
246	0.172337
247	0.288675
248	0.165477
249	0.166457
250	0.143833
251	0.219451
252	0.200536
253	0.238291
254	0.210219
255	0.152771
256	0.322849
257	0.171613
258	0.126879
259	0.144071
260	0.157652
261	0.214404
262	0.17855
263	0.2477
264	0.137243
265	0.248005
266	0.260186
267	0.288675
268	0.135924
269	0.126682
270	0.119173
271	0.155473
272	0.169577
273	0.156994
274	0.166593
275	0.166839
276	0.151038
277	0.161422
278	0.166623
279	0.215434
280	0.182511
281	0.211776
282	0.200696
283	0.144003
284	0.16575
285	0.169184
286	0.14402
287	0.2028
288	0.155473
289	0.127552
290	0.166978
291	0.180573
292	0.166505
293	0.156308
294	0.160415
295	0.172429
296	0.360805
297	0.235414
298	0.152345
299	0.208224
300	0.17259
301	0.146268
302	0.135522
303	0.158812
304	0.12982
305	0.192328
306	0.144007
307	0.166879
308	0.273861
309	0.125988
310	0.141602
311	0.170252
312	0.176844
313	0.146782
314	0
315	0.17397
316	0.164135
317	0.179395
318	0.206682
319	0.130277
320	0.255655
321	0.118019
322	0.202198
323	0.191832
324	0.162606
325	0.145345
326	0.167221
327	0.13622
328	0.179262
329	0.158114
330	0.207272
331	0.151119
332	0.164776
333	0.162687
334	0.128911
335	0.1932
336	0.187303
337	0.211788
338	0.154984
339	0.172638
340	0.145928
341	0.267261
342	0.161874
343	0.165314
344	0.17754
345	0.162351
346	0.164911
347	0.161549
348	0.181522
349	0.23786
350	0.185996
351	0.2972
352	0.241421
353	0.204124
354	0.148671
355	0.173336
356	0.233892
357	0.20584
358	0.141544
359	0.311581
360	0.349227
361	0.322223
362	0.155215
363	0.205537
364	0.226769
365	0.246251
366	0.261909
367	0.222888
368	0.194155
369	0.16187
370	0.165835
371	0.18391
372	0.232621
373	0.252531
374	0.25
375	0.260369
376	0.207093
377	0.419603
378	0.235106
379	0.258199
380	0.270136
381	0.220616
382	0.225729
383	0.20474
384	0.235762
385	0.293794
386	0.226247
387	0.19627
388	0.232098
389	0.230086
390	0.160932
391	0.215138
392	0.210811
393	0.262315
394	0.223607
395	0.242203
396	0.193753
397	0.235702
398	0.304073
399	0.239004
400	0.336974
401	0.209776
402	0.287454
403	0.258652
404	0.214478
405	0.231963
406	0.204124
407	0.216008
408	0.14233
409	0.182231
410	0.174459
411	0.220314
412	0.159198
413	0.231983
414	0.191192
415	0.259432
416	0.2053
417	0.260472
418	0.220067
419	0.23192
420	0.191384
421	0.185513
422	0.164248
423	0.241732
424	0.196116
425	0.204289
426	0.190884
427	0.207012
428	0.199931
429	0.171123
430	0.166887
431	0.210659
432	0.184573
433	0.171593
434	0.176844
435	0.198192
436	0.208954
437	0
438	0.365148
439	0
440	0.226413
441	0.216063
442	0.408248
443	0.183647
444	0.200865
445	0.19109
446	0.306858
447	0.176327
448	0.206841
449	0.250686
450	0.19379
451	0.228752
452	0.212454
453	0.222947
454	0.235702
455	0.187694
456	0.217338
457	0.20551
458	0.140061
459	0.181974
460	0.210819
461	0.184619
462	0.193111
463	0.200294
464	0.284029
465	0.218512
466	0.230324
467	0.167324
468	0.209933
469	0.232176
470	0.202196
471	0.213906
472	0.219971
473	0.16119
474	0.193993
475	0.174459
476	0.158862
477	0.160232
478	0.202945
479	0.21444
480	0.219605
481	0.194568
482	0.243812
483	0.210601
484	0.181555
485	0.216833
486	0.185755
487	0.189651
488	0.210402
489	0.18752
490	0.243714
491	0.171222
492	0.194094
493	0.231455
494	0.188438
495	0.17342
496	0.219327
497	0.214149
498	0.209364
499	0.203743
500	0.222387
501	0.242557
502	0.207899
503	0.198027
504	0.210964
505	0.210742
506	0.214131
507	0.183058
508	0.170849
509	0.203308
510	0.202025
511	0.199529
512	0.239106
513	0.252643
514	0.18278
515	0.176107
516	0.234428
517	0.201008
518	0.225588
519	0.228247
520	0.200432
521	0.194414
522	0.195896
523	0.20969
524	0.17483
525	0.271583
526	0.201762
527	0.191228
528	0.204587
529	0.210872
530	0.197565
531	0.151137
532	0.216452
533	0.299044
534	0.316462
535	0.167368
536	0.374337
537	0.215465
538	0.142696
539	0.135965
540	0.207091
541	0.220138
542	0.208044
543	0.25
544	0.210693
545	0.250031
546	0.218431
547	0.218383
548	0.302527
549	0.251945
550	0.286089
551	0.308809
552	0.228085
553	0.199854
554	0.218801
555	0.295519
556	0.28122
557	0.283354
558	0.226444
559	0.235855
560	0.299063
561	0.226382
562	0.23516
563	0.256132
564	0.176095
565	0.202248
566	0.260275
567	0.247252
568	0.257279
569	0.251729
570	0.218885
571	0.226007
572	0.203039
573	0.205969
574	0.349282
575	0.222448
576	0.246643
577	0.203162
578	0.258652
579	0.198027
580	0.144338
581	0.22172
582	0.159418
583	0.199248
584	0.205183
585	0.272889
586	0.204245
587	0.235702
588	0.249183
589	0.166576
590	0.224972
591	0.181015
592	0.235702
593	0.258199
594	0.353553
595	0.167046
596	0.146411
597	0.24099
598	0.408248
599	0
600	0.316228
601	0.20408
602	0.212132
603	0.229705
604	0.210304
605	0.238136
606	0.243812
607	0.277417
608	0.197814
609	0.186607
610	0.24118
611	0.192607
612	0.250349
613	0.234234
614	0.196962
615	0.2138
616	0.231999
617	0.211151
618	0.235005
619	0.1848
620	0.19475
621	0.284831
622	0.23076
623	0.251065
624	0.23531
625	0.179611
626	0.5
627	0.223173
628	0.175135
629	0.177026
630	0.178885
631	0.181428
632	0.174067
633	0.190223
634	0.176777
635	0.26602
636	0.20618
637	0.217144
638	0.240719
639	0.201603
640	0.192796
641	0.281021
642	0.246836
643	0.5
644	0.2112
645	0.221594
646	0.245797
647	0.201474
648	0.214597
649	0.245665
650	0.182593
651	0.190154
652	0.141176
653	0.249883
654	0.269244
655	0.205376
656	0.227922
657	0.241218
658	0.226167
659	0.199127
660	0.23308
661	0.217554
662	0.20629
663	0.22573
664	0.225362
665	0.211494
666	0.329665
667	0.331777
668	0.4
669	0.312781
670	0.213806
671	0.219676
672	0.223538
673	0.182397
674	0.212651
675	0.227828
676	0.146643
677	0
678	0.184306
679	0.170167
680	0.249185
681	0.278435
682	0.170368
683	0.1849
684	0.254284
685	0.174499
686	0.210055
687	0.173864
688	0.203745
689	0.179079
690	0.149989
691	0.23116
692	0.217679
693	0.216383
694	0.222995
695	0.25
696	0.196744
697	0.216561
698	0.471621
699	0.215145
700	0.213201
701	0.143657
702	0.236336
703	0.241965
704	0.227372
705	0.172465
706	0.316228
707	0.244871
708	0.24865
709	0.209904
710	0.164644
711	0
712	0.212723
713	0.161576
714	0.339226
715	0.222828
716	0.23574
717	0.181401
718	0.235315
719	0.200185
720	0.253776
721	0.176941
722	0.219317
723	0.287527
724	0.201044
725	0.342679
726	0.282483
727	0.235675
728	0.234779
729	0.19475
730	0.271459
731	0.214484
732	0.239551
733	0.339181
734	0.248027
735	0.210954
736	0.153798
737	0.223945
738	0.202584
739	0.285257
740	0.180354
741	0.194216
742	0.215285
743	0.214423
744	0.162916
745	0.292514
746	0.212721
747	0.204217
748	0.176189
749	0.188001
750	0.198545
751	0.162134
752	0.202193
753	0.304504
754	0.156246
755	0.231955
756	0.179757
757	0.353553
758	0.215346
759	0.292383
760	0.183186
761	0.223333
762	0.200154
763	0.18899
764	0.198106
765	0.224659
766	0.353553
767	0.276433
768	0.219248
769	0.245906
770	0.21863
771	0.255428
772	0.225607
773	0.204124
774	0.267575
775	0.259308
776	0.312791
777	0.408248
778	0.200685
779	0.277979
780	0.219454
781	0.238862
782	0.447214
783	0.242648
784	0
785	0.200208
786	0.300863
787	0.227651
788	0.5
789	0.255923
790	0.217519
791	0.358782
792	0.177084
793	0.346688
794	0.240491
795	0.250059
796	0.204701
797	0.212836
798	0.31294
799	0.245911
800	0.242694
801	0.301256
802	0.292996
803	0.267261
804	0.288675
805	0.19406
806	0.243751
807	0.373448
808	0.280139
809	0.220144
810	0.269137
811	0.231572
812	0.31552
813	0.209035
814	0
815	0.187278
816	0.266568
817	0.408248
818	0.208514
819	0.17093
820	0.185231
821	0.213494
822	0.258199
823	0.177212
824	0.213142
825	0.179598
826	0.201592
827	0.1596
828	0.23201
829	0.211841
830	0
831	0.168172
832	0.212558
833	0.203223
834	0.1948
835	0.196116
836	0.283963
837	0.253112
838	0.333333
839	0
840	0.177864
841	0.197635
842	0.199968
843	0.258986
844	0.210513
845	0.164897
846	0.179124
847	0.213364
848	0.224069
849	0.26003
850	0.408248
851	0.41962
852	0
853	0.358854
854	0.38039
855	0.25246
856	0.206685
857	0
858	0
859	0.208477
860	0.3273
861	0.5
862	0.208113
863	0.206835
864	0.154826
865	0.205196
866	0.169114
867	0.316228
868	0.204124
869	0.209357
870	0.200374
871	0.158692
872	0.217971
873	0.146397
874	0.20603
875	0.155543
876	0.225696
877	0.193768
878	0.258997
879	0.205195
880	0.19968
881	0.207815
882	0.247933
883	0.281357
884	0.302554
885	0.301511
886	0.180255
887	0.190634
888	0.196116
889	0.312781
890	0.208233
891	0.316228
892	0.173809
893	0.174078
894	0.222452
895	0.175756
896	0.190229
897	0.408248
898	0.190994
899	0.235702
900	0.23219
901	0.223607
902	0.207279
903	0.277304
904	0.352118
905	0.164748
906	0.232426
907	0
908	0.306441
909	0.328864
910	0.408248
911	0.353553
912	0.25
913	0
914	0.235702
915	0.229277
916	0.184742
917	0.267261
918	0.304408
919	0.199101
920	0.341413
921	0.256679
922	0.17316
923	0.247707
924	0.149852
925	0.188649
926	0.232502
927	0.353553
928	0.2069
929	0.179605
930	0.213217
931	0.175189
932	0.20521
933	0.173867
934	0.171967
935	0.404145
936	0.212701
937	0.183269
938	0.166667
939	0.196121
940	0.268945
941	0.227375
942	0.239302
943	0.238606
944	0.233173
945	0.200069
946	0.22894
947	0.253546
948	0.19048
949	0.160441
950	0.223499
951	0.225601
952	0.162524
953	0.260623
954	0.30379
955	0.220504
956	0.234873
957	0.5
958	0.342969
959	0.183686
960	0.318198
961	0.216645
962	0.171499
963	0.173721
964	0.235702
965	0.215216
966	0.248385
967	0.25
968	0.192154
969	0.184573
970	0.33779
971	0.248659
972	0.254231
973	0.222948
974	0.163299
975	0.176371
976	0.267261
977	0.202898
978	0.161619
979	0.183044
980	0.232562
981	0.25
982	0.204027
983	0.204124
984	0.19176
985	0.169435
986	0.183155
987	0.353553
988	0.183416
989	0.225157
990	0.179784
991	0.238172
992	0.333333
993	0.147078
994	0.421637
995	0.229417
996	0.327131
997	0.2111
998	0.222552
999	0.35007
1000	0.298347
1001	0.213201
1002	0.316228
1003	0.239025
1004	0.267261
1005	0.324394
1006	0.266438
1007	0.227291
1008	0.244799
1009	0.199724
1010	0.211308
1011	0.196384
1012	0.168376
1013	0.190779
1014	0.17203
1015	0.169031
1016	0.189648
1017	0.172258
1018	0.224685
1019	0.225113
1020	0.227921
1021	0.24639
1022	0.222027
1023	0.18968
1024	0.308544
1025	0.196544
1026	0.395242
1027	0.459907
1028	0.22339
1029	0.257073
1030	0.28637
1031	0.267261
1032	0.331208
1033	0.224357
1034	0.207347
1035	0.220484
1036	0.250313
1037	0.213321
1038	0.281357
1039	0.165471
1040	0.19841
1041	0.203348
1042	0.30056
1043	0.409718
1044	0.23584
1045	0.218218
1046	0.20521
1047	0.220314
1048	0.168303
1049	0.220878
1050	0.219023
1051	0.17765
1052	0.167038
1053	0.238862
1054	0.187188
1055	0.260875
1056	0.204124
1057	0.204124
1058	0.264039
1059	0.182887
1060	0.150644
1061	0.200154
1062	0.390415
1063	0.199569
1064	0.288675
1065	0.187918
1066	0.318436
1067	0.194277
1068	0.31587
1069	0.321754
1070	0.276903
1071	0.244768
1072	0.387298
1073	0.197372
1074	0.205312
1075	0.235702
1076	0.325164
1077	0.169031
1078	0.269825
1079	0.173465
1080	0
1081	0.258199
1082	0.316228
1083	0.204124
1084	0.201063
1085	0.278989
1086	0.286522
1087	0.235702
1088	0.223607
1089	0.173333
1090	0.233257
1091	0.25733
1092	0.235702
1093	0.149071
1094	0.185312
1095	0.19717
1096	0.333333
1097	0.333494
1098	0.159729
1099	0.332536
1100	0.408248
1101	0.169449
1102	0.408248
1103	0.343125
1104	0
1105	0.211186
1106	0.5
1107	0.352613
1108	0.565685
1109	0.187266
1110	0.212832
1111	0.37719
1112	0.286534
1113	0.194845
1114	0.267144
1115	0.203758
1116	0.219474
1117	0.188982
1118	0.198542
1119	0.245162
1120	0.185312
1121	0.239732
1122	0
1123	0
1124	0.223607
1125	0.174078
1126	0.218246
1127	0.235702
1128	0.235702
1129	0.246183
1130	0
1131	0.25
1132	0.178103
1133	0.210455
1134	0.178048
1135	0.188235
1136	0.232493
1137	0.243196
1138	0.258199
1139	0.282378
1140	0.182574
1141	0.316228
1142	0.198894
1143	0.31211
1144	0.436436
1145	0.235702
1146	0.246183
1147	0.309658
1148	0.300565
1149	0.247436
1150	0.353553
1151	0.264045
1152	0.194705
1153	0.218218
1154	0.223562
1155	0.408248
1156	0
1157	0.171779
1158	0.433013
1159	0.267922
1160	0.271422
1161	0.30758
1162	0.408248
1163	0.208932
1164	0.288675
1165	0.147945
1166	0.354923
1167	0.235702
1168	0.252794
1169	0.353553
1170	0.2
1171	0.297918
1172	0.210351
1173	0.372944
1174	0.288957
1175	0.474342
1176	0.239399
1177	0.204124
1178	0.29277
1179	0.392232
1180	0.204214
1181	0.288675
1182	0.363061
1183	0.186544
1184	0.337919
1185	0.214692
1186	0
1187	0.247785
1188	0.20695
1189	0
1190	0.204124
1191	0.333333
1192	0.362329
1193	0.330439
1194	0.264584
1195	0.357464
1196	0.341899
1197	0.194126
1198	0.353553
1199	0.241555
1200	0.288675
1201	0
1202	0.187465
1203	0.242536
1204	0.209448
1205	0.283654
1206	0.303763
1207	0.224659
1208	0.298209
1209	0.201008
1210	0.230222
1211	0.235702
1212	0.235702
1213	0.260369
1214	0.204124
1215	0.182718
1216	0.258199
1217	0.21402
1218	0.158114
1219	0.256463
1220	0.257831
1221	0.25644
1222	0.27078
1223	0
1224	0.331208
1225	0.286446
1226	0.268061
1227	0.2
1228	0.283652
1229	0.262621
1230	0.189076
1231	0.256822
1232	0.313445
1233	0.288675
1234	0.261001
1235	0
1236	0
1237	0.25886
1238	0.267261
1239	0.336974
1240	0.181071
1241	0.333333
1242	0.408248
1243	0.267261
1244	0.198897
1245	0.23935
1246	0.316228
1247	0.235642
1248	0.249055
1249	0.38598
1250	0
1251	0.26722
1252	0.400868
1253	0.408248
1254	0.223607
1255	0.40032
1256	0.46225
1257	0.447214
1258	0.22607
1259	0.144338
1260	0.408248
1261	0.408248
1262	0.288957
1263	0.170683
1264	0.204647
1265	0.235173
1266	0.365804
1267	0.286844
1268	0.332536
1269	0.23081
1270	0.317451
1271	0.288675
1272	0.258199
1273	0.257158
1274	0.319617
1275	0.218218
1276	0.325054
1277	0.218707
1278	0.188982
1279	0.25
1280	0.24461
1281	0.287883
1282	0.168369
1283	0.188982
1284	0.198542
1285	0.196116
1286	0.204124
1287	0.288675
1288	0.364518
1289	0.188982
1290	0.25
1291	0.217397
1292	0.5
1293	0
1294	0.2
1295	0.316228
1296	0.258456
1297	0.319801
1298	0.183058
1299	0.144338
1300	0.235702
1301	0.132702
1302	0.353553
1303	0.221458
1304	0.288675
1305	0.399186
1306	0
1307	0
1308	0
1309	0
1310	0
1311	0.316228
1312	0.25
1313	0.198861
1314	0.166667
1315	0.169534
1316	0.182574
1317	0.408248
1318	0
1319	0.377964
1320	0
1321	0.5
1322	0.353553
1323	0.408248
1324	0.25
1325	0
1326	0.288675
1327	0.188982
1328	0.316228
1329	0
1330	0
1331	0.353553
1332	0
1333	0.144338
1334	0
1335	0.290739
1336	0.169031
1337	0.333333
1338	0.408248
1339	0
1340	0
1341	0
1342	0
1343	0
1344	0.408248
1345	0.5
1346	0.5
1347	0.218218
1348	0
1349	0
1350	0
1351	0.5
1352	0
1353	0.408248
1354	0
1355	0.288675
1356	0.422577
1357	0
1358	0.5
1359	0
1360	0
1361	0.353553
1362	0
1363	0
1364	0
1365	0.5
1366	0
1367	0.288675
1368	0.364087
1369	0.333333
1370	0.5
1371	0
1372	0.5
1373	0
1374	0
1375	0.31492
1376	0.204124
1377	0.333333
1378	0.510255
1379	0.384465
1380	0.406579
1381	0.25
1382	0.707107
1383	0.316228
1384	0.774597
1385	0.353553
1386	0.2
1387	0.774597
1388	0.338062
1389	0.410159
1390	0
1391	0.774597
1392	0.340438
1393	0.260186
1394	0.573819
1395	0.316228
1396	0.223607
1397	0.288675
1398	0
1399	0.277612
1400	0.372166
1401	0.184691
1402	0.223607
1403	0.408248
1404	0.261872
1405	0.34641
1406	0.353553
1407	0.292383
1408	0
1409	0.223607
1410	0.239832
1411	0.169031
1412	0.288675
1413	0.250978
1414	0
1415	0.372798
1416	0.204124
1417	0
1418	0.5
1419	0.210167
1420	0.218218
1421	0.280227
1422	0.353553
1423	0.372104
1424	0
1425	0.346268
1426	0.288675
1427	0.223607
1428	0.199903
1429	0.353553
1430	0
1431	0.355927
1432	0
1433	0.328165
1434	0.34046
1435	0.288675
1436	0
1437	0.382546
1438	0.408248
1439	0.404145
1440	0.215725
1441	0.368272
1442	0.398527
1443	0.333333
1444	0.261602
1445	0.523508
1446	0.226455
1447	0
1448	0.408248
1449	0.326196
1450	0
1451	0.223412
1452	0
1453	0
1454	0.243265
1455	0
1456	0.260128
1457	0
1458	0
1459	0.16138
1460	0
1461	0
1462	0.477483
1463	0.267261
1464	0.5
1465	0.408248
1466	0.316228
1467	0
1468	0.371542
1469	0.223607
1470	0.353553
1471	0.316228
1472	0.223607
1473	0.25
1474	0.288675
1475	0.376664
1476	0
1477	0
1478	0.294625
1479	0.421637
1480	0.317038
1481	0.408248
1482	0
1483	0.218218
1484	0.5
1485	0.333333
1486	0
1487	0.408248
1488	0.494975
1489	0.204124
1490	0.408248
1491	0.408248
1492	0
1493	0
1494	0
1495	0
1496	0.316228
1497	0
1498	0
1499	0.494975
1500	0
1501	0.408248
1502	0.288675
1503	0.223714
1504	0.316228
1505	0
1506	0.408248
1507	0
1508	0
1509	0.387747
1510	0
1511	0.258199
1512	0.288675
1513	0
1514	0.374166
1515	0
1516	0.408248
1517	0.455352
1518	0.262613
1519	0
1520	0
1521	0
1522	0.398527
1523	0.267261
1524	0.241415
1525	0
1526	0
1527	0.235702
1528	0.333333
1529	0.459573
1530	0.365637
1531	0.235702
1532	0
1533	0
1534	0.316228
1535	0.5
1536	0
1537	0.288675
1538	0
1539	0.499169
1540	0.30225
1541	0.353553
1542	0.282843
1543	0
1544	0.568399
1545	0.353553
1546	0
1547	0.5
1548	0
1549	0.565685
1550	0
1551	0.5
1552	0.408248
1553	0.547723
1554	0
1555	0.204124
1556	0.5
1557	0
1558	0.428571
1559	0
1560	0.478512
1561	0
1562	0
1563	0
1564	0
1565	0
1566	0
1567	0
1568	0
1569	0
1570	0
1571	0
1572	0
1573	0.5
1574	0
1575	0
1576	0
1577	0
1578	0
1579	0
1580	0
1581	0
1582	0
1583	0
1584	0
1585	0.565685
1586	0
1587	0
1588	0.774597
1589	0.5
1590	0.774597
1591	0.356617
1592	0.344042
1593	0
1594	0.316228
1595	0
1596	0
1597	0.2
1598	0.382235
1599	0
1600	0.377964
1601	0
1602	0.408248
1603	0
1604	0
1605	0.408248
1606	0
1607	0.408248
1608	0.353553
1609	0.377124
1610	0.333333
1611	0
1612	0.288675
1613	0
1614	0
1615	0.186467
1616	0
1617	0.387298
1618	0
1619	0
1620	0.297896
1621	0
1622	0.288675
1623	0
1624	0
1625	0
1626	0
1627	0
1628	0.353553
1629	0.5
1630	0
1631	0.5
1632	0
1633	0
1634	0
1635	0
1636	0
1637	0
1638	0
1639	0.408248
1640	0
1641	0
1642	0.5
1643	0.360805
1644	0.5
1645	0
1646	0.5
1647	0
1648	0
1649	0
1650	0
1651	0
1652	0.333333
1653	0
1654	0
1655	0
1656	0.316228
1657	0
1658	0.333333
1659	0
1660	0
1661	0
1662	0.5
1663	0
1664	0.353553
1665	0
1666	0
1667	0
1668	0
1669	0
1670	0
1671	0
1672	0
1673	0
1674	0
1675	0
1676	0
1677	0
1678	0
1679	0
1680	0
1681	0
