user   year
2
3.33333	4.25	3.375	4.4	3.33333	3.92308	3.71429	3.81395	
10
4.25	3.41667	3.63636	3.78571	4.15094	4.14894	4.10588	4.24545	
19
4.2	4	3	3.55556	3.80645	3.62857	3.67391	3.41111	
25
4.66667	1	-1.#IND	3.25	3.5	4	3.6	3.77778	
33
3.77778	3.5	3.83333	3.83333	3.5122	3.41509	3.44156	3.4537	
44
2.75	3.2	3.57143	2.5	3.65	3.93333	3.63158	3.61818	
56
-1.#IND	-1.#IND	2.66667	4	4.16667	3.44444	4.17391	4.33333	
62
3.08333	3.35714	3.72727	3.47619	3.6383	3.62295	3.54867	3.52206	
71
3.5	3	-1.#IND	-1.#IND	4	3.66667	4	3.71429	
78
4.16667	2.5	3.33333	4	3.57143	3.64286	3.84091	3.39024	
83
3	4.5	3.5	2.66667	3.90909	3.94118	3.11111	3.52941	
92
2.7	2.18182	2.11111	2.83333	3.20588	2.76087	2.91209	2.64286	
133
3.75	2.6	3.66667	3.9	2.85714	3.72727	4.05	3.7619	
172
-1.#IND	4	4	5	3.5	3.5	3	3.6	
191
-1.#IND	3	2	-1.#IND	3.33333	5	3.41667	3.25	
213
-1.#IND	-1.#IND	-1.#IND	5	4	5	4.28571	4.2	
235
4.15385	3.92308	4.11111	4.21739	4	4.26316	4.19767	3.79839	
291
4.66667	4.25	3.66667	4.5	3.57143	4.23077	4.10345	4.21053	
339
5	4.5	3.75	3.6	3.66667	3.84615	4.25	4.05882	
591
2.71429	2.33333	3.8	3.375	3.13636	3.5	3.11538	3.08696	
782
-1.#IND	3	-1.#IND	3.66667	4	2	5	3.41667	
1013
4.5	3	3	1	4.33333	4.25	3.33333	3.8	
1137
3.57143	3.7	3.82353	3.82609	3.69388	3.66667	3.83636	3.68639	
1522
3	4.66667	3.75	4	3.76923	3.75	3.46667	3.6	
1671
3.84211	4	3.95	4.06667	3.7	3.95652	3.90845	3.76966	
 

gender  item
1
4.13055	4.18782	
11
3.71865	3.92348	
18
3.36154	3.22222	
23
2.85047	2.89474	
33
3	-1.#IND	
41
3.96154	3.95	
49
3.78571	3.69231	
55
3.125	3	
65
2.0354	2.16667	
76
2.91139	2.4	
71
2.14943	1.66667	
87
2.18	2.26923	
89
3.07772	3.05556	
104
3.5738	3.34286	
147
3.48872	3.6875	
197
2.8	3.42857	
238
2.6	3.16667	
320
3.21739	3.88889	
442
2.98765	3.0274	
672
2	-1.#IND	
754
2.4	3.25	
1138
3.85714	-1.#IND	
1459
3.32776	3.46914	
2919
3.8694	3.95122	
3781
2.72	1.75	

age  item
1
3.91964	4.01786	4.20127	4.3026	4.1049	4.09259	3.88679	
11
3.47619	3.69399	3.73485	3.84834	3.98889	3.975	3.88462	
18
2.33333	3.56	3.37037	3	3	1.66667	3.5	
23
2	2.92105	2.77193	2.94444	3.11111	2.66667	-1.#IND	
33
-1.#IND	-1.#IND	3.33333	-1.#IND	2	-1.#IND	-1.#IND	
41
3.75	3.89189	3.96809	3.84211	3.90909	4.07407	4.2	
49
5	4.4	3.45455	3.5	3.75	4	3	
55
-1.#IND	1	2.96429	3.75	3.14286	4	4	
65
2.625	2.22807	1.80769	2.14286	1.75	1	-1.#IND	
76
2.8	3.11765	2.94521	2.2963	2.89474	2.63636	3	
71
1.75	2	2	2.52941	2.33333	3	-1.#IND	
87
2.5	1.76471	1.85714	2.78571	2.5	4	-1.#IND	
89
3.5	3.03571	2.99	3.31707	2.875	3.2	3.5	
104
3.76087	3.84793	3.49829	3.21333	2.77273	2.43478	2.33333	
147
3	3.6383	3.53763	3.56522	3	3.6	2.8	
197
-1.#IND	1	2.75	3.75	2.5	3.33333	3.33333	
238
3	2.625	2.875	2.75	3	3	-1.#IND	
320
4	4	3.4375	2.66667	3.5	3.5	-1.#IND	
442
2.57895	3.125	2.87542	3.09709	3.12	3.24	3.09091	
672
-1.#IND	2	2	-1.#IND	-1.#IND	-1.#IND	-1.#IND	
754
3.66667	1.33333	3	-1.#IND	-1.#IND	-1.#IND	-1.#IND	
1138
-1.#IND	-1.#IND	4.25	4.5	-1.#IND	1	-1.#IND	
1459
2.85714	3.16667	3.25828	3.39744	3.65116	3.65	3.31579	
2919
4.5	3.5	3.74766	3.83582	3.90476	4.19231	4.12	
3781
5	3.875	2.42857	1.5	1.5	2	2	

occupation  item
1
4.21111	4.2293	4	4.49254	4.0404	4.02564	4.39474	4.18905	4.5	4.02857	3.90426	4.14286	4.27143	4.05882	4.08411	4.07273	4.16883	4.16071	4.19048	3.96	4.0463	
11
3.77273	3.76699	3.59574	3.83333	3.77165	4.1875	3.83019	3.832	4.33333	4.14286	3.41176	3.7	3.77778	4.17647	3.83051	3.8	4.04	3.9661	3.7	3.27273	3.34043	
18
3.26316	3.28571	3.36364	2.85714	3.54839	3.4	2.75	3.46667	-1.#IND	-1.#IND	2.33333	2.33333	3.5	3	3.88889	4.33333	3	3.5	3.75	3	3	
23
2.81481	2.4	3.2	2.4	2.8	2.66667	2	3	-1.#IND	4	2.33333	2	3.42857	-1.#IND	3.33333	4	2.4	3.45455	3	3	2	
33
3	-1.#IND	-1.#IND	-1.#IND	-1.#IND	-1.#IND	-1.#IND	4	-1.#IND	-1.#IND	-1.#IND	-1.#IND	-1.#IND	-1.#IND	-1.#IND	-1.#IND	-1.#IND	3	-1.#IND	-1.#IND	2	
41
4.21053	3.97368	3.70588	4.125	4.21875	4	4.18182	3.77778	5	5	3.66667	4.5	3.63636	4.125	4	3.71429	3.88889	3.86667	3.66667	3	3.88	
49
-1.#IND	3	3.33333	4	4	-1.#IND	4	3.5	-1.#IND	-1.#IND	5	-1.#IND	-1.#IND	-1.#IND	5	-1.#IND	4	4	-1.#IND	5	3.6	
55
3	2.125	3.75	3.6	2.25	-1.#IND	4	3	-1.#IND	-1.#IND	-1.#IND	-1.#IND	-1.#IND	4	3	-1.#IND	3	3	-1.#IND	4	3.57143	
65
1.95833	1.57143	2.33333	2.66667	2.11429	2.33333	1.6	1.77778	-1.#IND	4	2.57143	2.5	3.66667	-1.#IND	1.71429	3	1.66667	2	1	2.4	1.5	
76
2.65385	2.83333	3.16667	3.33333	3	2.25	2.5	3.1	2	-1.#IND	2.66667	4	3.14286	3	2.69231	4	2.45455	2.26667	3.5	5	3.1	
71
2.06667	1.55556	3	4	1.84211	2.625	-1.#IND	2.5	-1.#IND	3.5	1.5	-1.#IND	2.5	-1.#IND	2.16667	1.5	2	2	-1.#IND	1	2	
87
2.125	2.33333	1	-1.#IND	1.66667	3	3	2.33333	3	2.5	2.375	-1.#IND	-1.#IND	2	2.2	-1.#IND	2	3.5	2	1.66667	1.4	
89
2.87097	2.88889	2.85714	3	2.87179	3.5	2.57143	3.19048	2	3.66667	3.4	2.5	3.36364	3	3.69231	3	3.33333	3.25	3.5	3	3.1875	
104
3.57143	3.29167	3.46154	3.45	3.80435	3.68182	3.36667	3.25862	4	3.33333	3.70732	2.33333	3.75	-1.#IND	3.46667	3.55556	3.125	3.7561	3.75	3.75	3.13889	
147
3.79167	2.88889	3.45455	3.42857	3.32353	4	4	3.95	-1.#IND	-1.#IND	3	3	3.28571	4	3.58333	3.8	3.83333	4	3.33333	3.66667	3.05556	
197
3	2	3.5	-1.#IND	1	-1.#IND	-1.#IND	3	-1.#IND	-1.#IND	-1.#IND	-1.#IND	-1.#IND	4	-1.#IND	-1.#IND	4	3	-1.#IND	-1.#IND	2.5	
238
4	4	2	-1.#IND	2	-1.#IND	2.66667	3	-1.#IND	-1.#IND	2.5	-1.#IND	1	-1.#IND	3	-1.#IND	2.5	1	-1.#IND	-1.#IND	4	
320
3.875	3.5	3	-1.#IND	3.75	-1.#IND	2	-1.#IND	-1.#IND	-1.#IND	4	-1.#IND	-1.#IND	-1.#IND	3.5	3	3	4	-1.#IND	-1.#IND	2.75	
442
2.90323	2.74194	2.7931	3.4375	3.17476	3.375	2.90909	2.96825	4.5	3.75	2.52632	3.22222	3.07692	3.5	3	2.78947	2.85	2.96	3	2.66667	2.96429	
672
-1.#IND	-1.#IND	-1.#IND	-1.#IND	2	-1.#IND	-1.#IND	-1.#IND	-1.#IND	-1.#IND	-1.#IND	-1.#IND	-1.#IND	-1.#IND	-1.#IND	-1.#IND	-1.#IND	-1.#IND	-1.#IND	-1.#IND	2	
754
4	2	-1.#IND	-1.#IND	1.5	-1.#IND	-1.#IND	-1.#IND	-1.#IND	-1.#IND	3.66667	-1.#IND	-1.#IND	-1.#IND	-1.#IND	-1.#IND	-1.#IND	-1.#IND	-1.#IND	-1.#IND	2.33333	
1138
2.5	-1.#IND	5	-1.#IND	4	-1.#IND	-1.#IND	-1.#IND	-1.#IND	-1.#IND	-1.#IND	-1.#IND	-1.#IND	-1.#IND	-1.#IND	-1.#IND	4	-1.#IND	-1.#IND	-1.#IND	5	
1459
3.17647	3.16667	3.25	3.23077	3.13889	3.25	3.4375	3.67273	4	3.5	3.83333	3	3.2	3.25	3.57143	3.18182	3.42105	3.78571	3.71429	3.2	2.90476	
2919
3.79032	4	3.96154	4.14286	3.54545	3.75	3.84211	3.98	2	3.57143	4.5	4.11765	3.77273	4.36364	4.06667	3.625	4	3.59091	3	3.75	3.90909	
3781
2	-1.#IND	2	2	3.5	3.5	1.66667	3.5	-1.#IND	-1.#IND	5	1	2.66667	-1.#IND	1	-1.#IND	2	4	-1.#IND	-1.#IND	1	

